fract1 800 800 0.5 0.5
fract2 800 800 0.5 0.5
fract3 800 800 0.5 0.5
fract4 800 800 0.5 0.5
fract5 800 800 0.5 0.5
fract6 800 800 0.5 0.5
fract7 800 800 0.5 0.5
fract8 800 800 0.5 0.5
fract9 800 800 0.5 0.5
fract10 800 800 0.5 0.5
fract11 800 800 0.5 0.5
fract12 800 800 0.5 0.5
fract13 800 800 0.5 0.5
fract14 800 800 0.5 0.5
fract15 800 800 0.5 0.5
fract16 800 800 0.5 0.5
fract17 800 800 0.5 0.5
fract18 800 800 0.5 0.5
fract19 800 800 0.5 0.5
fract20 800 800 0.5 0.5
fract21 800 800 0.5 0.5
fract22 800 800 0.5 0.5
fract23 800 800 0.5 0.5
fract24 800 800 0.5 0.5
fract25 800 800 0.5 0.5
fract26 800 800 0.5 0.5
fract27 800 800 0.5 0.5
fract28 800 800 0.5 0.5
fract29 800 800 0.5 0.5
fract30 800 800 0.5 0.5
fract31 800 800 0.5 0.5
fract32 800 800 0.5 0.5
fract33 800 800 0.5 0.5
fract34 800 800 0.5 0.5
fract35 800 800 0.5 0.5
fract36 800 800 0.5 0.5
fract37 800 800 0.5 0.5
fract38 800 800 0.5 0.5
fract39 800 800 0.5 0.5
fract40 800 800 0.5 0.5
fract41 800 800 0.5 0.5
fract42 800 800 0.5 0.5
fract43 800 800 0.5 0.5
fract44 800 800 0.5 0.5
fract45 800 800 0.5 0.5
fract46 800 800 0.5 0.5
fract47 800 800 0.5 0.5
fract48 800 800 0.5 0.5
fract49 800 800 0.5 0.5
fract50 800 800 0.5 0.5
fract51 800 800 0.5 0.5
fract52 800 800 0.5 0.5
fract53 800 800 0.5 0.5
fract54 800 800 0.5 0.5
fract55 800 800 0.5 0.5
fract56 800 800 0.5 0.5
fract57 800 800 0.5 0.5
fract58 800 800 0.5 0.5
fract59 800 800 0.5 0.5
fract60 800 800 0.5 0.5
fract61 800 800 0.5 0.5
fract62 800 800 0.5 0.5
fract63 800 800 0.5 0.5
fract64 800 800 0.5 0.5
fract65 800 800 0.5 0.5
fract66 800 800 0.5 0.5
fract67 800 800 0.5 0.5
fract68 800 800 0.5 0.5
fract69 800 800 0.5 0.5
fract70 800 800 0.5 0.5
fract71 800 800 0.5 0.5
fract72 800 800 0.5 0.5
fract73 800 800 0.5 0.5
fract74 800 800 0.5 0.5
fract75 800 800 0.5 0.5
fract76 800 800 0.5 0.5
fract77 800 800 0.5 0.5
fract78 800 800 0.5 0.5
fract79 800 800 0.5 0.5
fract80 800 800 0.5 0.5
fract81 800 800 0.5 0.5
fract82 800 800 0.5 0.5
fract83 800 800 0.5 0.5
fract84 800 800 0.5 0.5
fract85 800 800 0.5 0.5
fract86 800 800 0.5 0.5
fract87 800 800 0.5 0.5
fract88 800 800 0.5 0.5
fract89 800 800 0.5 0.5
fract90 800 800 0.5 0.5
fract91 800 800 0.5 0.5
fract92 800 800 0.5 0.5
fract93 800 800 0.5 0.5
fract94 800 800 0.5 0.5
fract95 800 800 0.5 0.5
fract96 800 800 0.5 0.5
fract97 800 800 0.5 0.5
fract98 800 800 0.5 0.5
fract99 800 800 0.5 0.5
fract100 800 800 0.5 0.5
fract101 800 800 0.5 0.5
fract102 800 800 0.5 0.5
fract103 800 800 0.5 0.5
fract104 800 800 0.5 0.5
fract105 800 800 0.5 0.5
fract106 800 800 0.5 0.5
fract107 800 800 0.5 0.5
fract108 800 800 0.5 0.5
fract109 800 800 0.5 0.5
fract110 800 800 0.5 0.5
fract111 800 800 0.5 0.5
fract112 800 800 0.5 0.5
fract113 800 800 0.5 0.5
fract114 800 800 0.5 0.5
fract115 800 800 0.5 0.5
fract116 800 800 0.5 0.5
fract117 800 800 0.5 0.5
fract118 800 800 0.5 0.5
fract119 800 800 0.5 0.5
fract120 800 800 0.5 0.5
fract121 800 800 0.5 0.5
fract122 800 800 0.5 0.5
fract123 800 800 0.5 0.5
fract124 800 800 0.5 0.5
fract125 800 800 0.5 0.5
fract126 800 800 0.5 0.5
fract127 800 800 0.5 0.5
fract128 800 800 0.5 0.5
fract129 800 800 0.5 0.5
fract130 800 800 0.5 0.5
fract131 800 800 0.5 0.5
fract132 800 800 0.5 0.5
fract133 800 800 0.5 0.5
fract134 800 800 0.5 0.5
fract135 800 800 0.5 0.5
fract136 800 800 0.5 0.5
fract137 800 800 0.5 0.5
fract138 800 800 0.5 0.5
fract139 800 800 0.5 0.5
fract140 800 800 0.5 0.5
fract141 800 800 0.5 0.5
fract142 800 800 0.5 0.5
fract143 800 800 0.5 0.5
fract144 800 800 0.5 0.5
fract145 800 800 0.5 0.5
fract146 800 800 0.5 0.5
fract147 800 800 0.5 0.5
fract148 800 800 0.5 0.5
fract149 800 800 0.5 0.5
fract150 800 800 0.5 0.5
fract151 800 800 0.5 0.5
fract152 800 800 0.5 0.5
fract153 800 800 0.5 0.5
fract154 800 800 0.5 0.5
fract155 800 800 0.5 0.5
fract156 800 800 0.5 0.5
fract157 800 800 0.5 0.5
fract158 800 800 0.5 0.5
fract159 800 800 0.5 0.5
fract160 800 800 0.5 0.5
fract161 800 800 0.5 0.5
fract162 800 800 0.5 0.5
fract163 800 800 0.5 0.5
fract164 800 800 0.5 0.5
fract165 800 800 0.5 0.5
fract166 800 800 0.5 0.5
fract167 800 800 0.5 0.5
fract168 800 800 0.5 0.5
fract169 800 800 0.5 0.5
fract170 800 800 0.5 0.5
fract171 800 800 0.5 0.5
fract172 800 800 0.5 0.5
fract173 800 800 0.5 0.5
fract174 800 800 0.5 0.5
fract175 800 800 0.5 0.5
fract176 800 800 0.5 0.5
fract177 800 800 0.5 0.5
fract178 800 800 0.5 0.5
fract179 800 800 0.5 0.5
fract180 800 800 0.5 0.5
fract181 800 800 0.5 0.5
fract182 800 800 0.5 0.5
fract183 800 800 0.5 0.5
fract184 800 800 0.5 0.5
fract185 800 800 0.5 0.5
fract186 800 800 0.5 0.5
fract187 800 800 0.5 0.5
fract188 800 800 0.5 0.5
fract189 800 800 0.5 0.5
fract190 800 800 0.5 0.5
fract191 800 800 0.5 0.5
fract192 800 800 0.5 0.5
fract193 800 800 0.5 0.5
fract194 800 800 0.5 0.5
fract195 800 800 0.5 0.5
fract196 800 800 0.5 0.5
fract197 800 800 0.5 0.5
fract198 800 800 0.5 0.5
fract199 800 800 0.5 0.5
