fract1 800 800 0.5 0.5
fract2 800 800 0.5 0.5
fract3 800 800 0.5 0.5
fract4 800 800 0.5 0.5
fract5 800 800 0.5 0.5
fract6 800 800 0.5 0.5
fract7 800 800 0.5 0.5
fract8 800 800 0.5 0.5
fract9 800 800 0.5 0.5
fract10 800 800 0.5 0.5
fract11 800 800 0.5 0.5
fract12 800 800 0.5 0.5
fract13 800 800 0.5 0.5
fract14 800 800 0.5 0.5
fract15 800 800 0.5 0.5
fract16 800 800 0.5 0.5
fract17 800 800 0.5 0.5
fract18 800 800 0.5 0.5
fract19 800 800 0.5 0.5
fract20 800 800 0.5 0.5
fract21 800 800 0.5 0.5
fract22 800 800 0.5 0.5
fract23 800 800 0.5 0.5
fract24 800 800 0.5 0.5
fract25 800 800 0.5 0.5
fract26 800 800 0.5 0.5
fract27 800 800 0.5 0.5
fract28 800 800 0.5 0.5
fract29 800 800 0.5 0.5
fract30 800 800 0.5 0.5
fract31 800 800 0.5 0.5
fract32 800 800 0.5 0.5
fract33 800 800 0.5 0.5
fract34 800 800 0.5 0.5
fract35 800 800 0.5 0.5
fract36 800 800 0.5 0.5
fract37 800 800 0.5 0.5
fract38 800 800 0.5 0.5
fract39 800 800 0.5 0.5
fract40 800 800 0.5 0.5
fract41 800 800 0.5 0.5
fract42 800 800 0.5 0.5
fract43 800 800 0.5 0.5
fract44 800 800 0.5 0.5
fract45 800 800 0.5 0.5
fract46 800 800 0.5 0.5
fract47 800 800 0.5 0.5
fract48 800 800 0.5 0.5
fract49 800 800 0.5 0.5
fract50 800 800 0.5 0.5
